date:1477056410,lat:48.862725,long:2.287592;
date:1477056752,lat:47.08086,long:2.4173637;
date:1477056762,lat:47.08086,long:2.4173637;