date:1477056410,lat:47.078481,long:2.409346;
date:1477056752,lat:47.08086,long:67.4173637;
date:1477056762,lat:147.08086,long:22.4173637;
